100
-5.681988038612453e+02
5.731007609816807e+02
-6.012928190626075e+02
6.541531437661597e+02
6.655744649155083e+02
-6.487135639570214e+02
6.507272702078781e+02
6.503672023130196e+02
-6.141573364331090e+02
-5.080352060822628e+02
-7.304043261556658e+02
6.586857169615508e+02
5.712980278262554e+02
-6.840117018109711e+02
-5.429884780934732e+02
-5.721510854618650e+02
-6.425471397785244e+02
5.868473276594419e+02
6.623821266705171e+02
-6.235810247157893e+02
6.510520425433695e+02
5.217224963528823e+02
-7.275380350262477e+02
-5.741547028567844e+02
-6.392208416949055e+02
-6.210681257181394e+02
-5.883969687377672e+02
-6.349451070088932e+02
-6.230544603828671e+02
6.218170200233716e+02
5.553022457566764e+02
6.601971541746977e+02
7.507791145627187e+02
-5.287177678224820e+02
4.876670587774003e+02
7.386436061311260e+02
-5.740778700021339e+02
-6.005642167374881e+02
5.847419056997134e+02
-6.108163241739222e+02
5.656187390652373e+02
4.756966741854633e+02
6.164386879019764e+02
-5.783679095905985e+02
6.793744846723546e+02
5.298242145099813e+02
-6.261691062116633e+02
6.487255858595095e+02
-5.440799468380570e+02
-6.968129698333612e+02
-5.841070215126019e+02
5.471466912336573e+02
5.037733204654660e+02
5.322646101229072e+02
-5.710521961561990e+02
7.308999704230173e+02
5.410841494629391e+02
5.722311012574594e+02
5.734437044500673e+02
-8.208648356398653e+02
5.616128265385557e+02
4.992173746120506e+02
5.848248887569073e+02
-6.997392578571371e+02
5.973756294692145e+02
-7.044716345685807e+02
7.946590056289438e+02
7.911930986481974e+02
-5.486404974474831e+02
6.976566702346989e+02
-6.391919127574181e+02
7.371404170389144e+02
7.120969877978251e+02
-6.563570205722190e+02
-5.890580747482870e+02
4.670622584063707e+02
6.139760415789402e+02
6.560217429487162e+02
-6.542242193661535e+02
6.747313257208857e+02
-5.724501522281945e+02
-6.382526843694073e+02
-7.432968690985124e+02
6.594510697619747e+02
6.966534137465064e+02
5.241453261804884e+02
-5.339801327283992e+02
-5.611250100628777e+02
-5.751219728400404e+02
-6.178337247069426e+02
-6.109019263649388e+02
-5.765244207831347e+02
-6.381981605976812e+02
6.582830375383322e+02
-7.195240864859851e+02
-5.006125030488820e+02
-5.911969755861186e+02
-7.760172674657506e+02
4.950434937809928e+02
-7.631911998163401e+02
