2.417097917091556099e+02
2.421857483922773326e+02
2.507885150706707691e+02
2.490908340150502340e+02
2.497623989601015069e+02
2.433622294633615013e+02
2.432338313052185867e+02
2.556574551502191639e+02
2.540773576528159765e+02
2.394175723316297706e+02
2.559863330396429433e+02
2.544149484905358634e+02
2.563026622314371821e+02
2.421046402010512963e+02
2.210735457267580557e+02
2.293893754896182031e+02
2.466787453123395153e+02
2.449479529724128497e+02
2.930150636484272582e+02
2.371842664109529437e+02
2.417006617474018526e+02
2.628872659286030284e+02
2.266765853708072882e+02
2.367463151523773206e+02
2.454877544220378240e+02
2.672557063645841708e+02
2.454776954934353341e+02
2.807130712620690929e+02
2.458684381349485761e+02
2.569955866665500253e+02
2.519434811603763933e+02
2.655338672042962003e+02
2.500983982055275305e+02
2.672340252933657894e+02
2.524676707361484773e+02
2.498504615201717911e+02
2.520097467897269894e+02
2.630700454168857618e+02
2.562139601418299435e+02
2.307083737960701910e+02
2.154394583143137538e+02
2.392255829050620832e+02
2.532037990086782315e+02
2.623386313156096321e+02
2.673988314519863820e+02
2.548516203710778996e+02
2.267014705412753699e+02
2.524190628565628458e+02
2.510268754519225354e+02
2.690953902179169859e+02
2.707577457090476969e+02
2.498004538328397643e+02
2.522057913581990078e+02
2.203800556988408061e+02
2.365251566578839402e+02
2.589787679552469513e+02
2.369552201876466313e+02
2.779245093856706035e+02
2.553789893014816812e+02
2.341970228217539045e+02
2.454980135552763727e+02
2.531067804895812401e+02
2.568649946886728799e+02
2.555999498988965115e+02
2.487201099412758367e+02
2.267088458981613144e+02
2.392922156641195102e+02
2.537915143527337705e+02
2.573394859468522782e+02
2.478885502655497532e+02
2.250461907000935753e+02
2.272161293475368495e+02
2.699012511863174950e+02
2.558104413114738804e+02
2.387568616495124729e+02
2.563520651395932077e+02
2.464690963296390862e+02
2.381568455143955134e+02
2.519929567149953868e+02
2.587273902001904844e+02
2.676243225495619527e+02
2.387532296965828778e+02
2.779970019663612675e+02
2.553397728209236277e+02
2.238584697402542645e+02
2.551204601532165839e+02
2.348696996744596390e+02
2.574035185893129665e+02
2.395418900495852199e+02
2.578794190185841444e+02
2.582672596995431604e+02
2.464589344512447724e+02
2.894041257849827389e+02
2.482131884979662573e+02
2.457455369373136875e+02
2.691424517983331839e+02
2.434039488186125197e+02
2.157737499239812564e+02
2.492141505574785754e+02
2.586317738599883569e+02
